22 22

1 6 18 54 162 486 1458 4374 13122 39366 118098 354294 1062882 3188646 9565938 28697814 86093442 258280326 774840978 2324522934 6973568802 20920706406
0 9 54 162 486 1458 4374 13122 39366 118098 354294 1062882 3188646 9565938 28697814 86093442 258280326 774840978 2324522934 6973568802 20920706406 62762119218
0 0 81 486 1458 4374 13122 39366 118098 354294 1062882 3188646 9565938 28697814 86093442 258280326 774840978 2324522934 6973568802 20920706406 62762119218 188286357654
0 0 0 729 4374 13122 39366 118098 354294 1062882 3188646 9565938 28697814 86093442 258280326 774840978 2324522934 6973568802 20920706406 62762119218 188286357654 564859072962
0 0 0 0 6561 39366 118098 354294 1062882 3188646 9565938 28697814 86093442 258280326 774840978 2324522934 6973568802 20920706406 62762119218 188286357654 564859072962 1694577218886
0 0 0 0 0 59049 354294 1062882 3188646 9565938 28697814 86093442 258280326 774840978 2324522934 6973568802 20920706406 62762119218 188286357654 564859072962 1694577218886 5083731656658
0 0 0 0 0 0 531441 3188646 9565938 28697814 86093442 258280326 774840978 2324522934 6973568802 20920706406 62762119218 188286357654 564859072962 1694577218886 5083731656658 15251194969974
0 0 0 0 0 0 0 4782969 28697814 86093442 258280326 774840978 2324522934 6973568802 20920706406 62762119218 188286357654 564859072962 1694577218886 5083731656658 15251194969974 45753584909922
0 0 0 0 0 0 0 0 43046721 258280326 774840978 2324522934 6973568802 20920706406 62762119218 188286357654 564859072962 1694577218886 5083731656658 15251194969974 45753584909922 137260754729766
0 0 0 0 0 0 0 0 0 387420489 2324522934 6973568802 20920706406 62762119218 188286357654 564859072962 1694577218886 5083731656658 15251194969974 45753584909922 137260754729766 411782264189298
0 0 0 0 0 0 0 0 0 0 3486784401 20920706406 62762119218 188286357654 564859072962 1694577218886 5083731656658 15251194969974 45753584909922 137260754729766 411782264189298 1235346792567894
0 0 0 0 0 0 0 0 0 0 0 31381059609 188286357654 564859072962 1694577218886 5083731656658 15251194969974 45753584909922 137260754729766 411782264189298 1235346792567894 3706040377703682
0 0 0 0 0 0 0 0 0 0 0 0 282429536481 1694577218886 5083731656658 15251194969974 45753584909922 137260754729766 411782264189298 1235346792567894 3706040377703682 11118121133111046
0 0 0 0 0 0 0 0 0 0 0 0 0 2541865828329 15251194969974 45753584909922 137260754729766 411782264189298 1235346792567894 3706040377703682 11118121133111046 33354363399333138
0 0 0 0 0 0 0 0 0 0 0 0 0 0 22876792454961 137260754729766 411782264189298 1235346792567894 3706040377703682 11118121133111046 33354363399333138 100063090197999414
0 0 0 0 0 0 0 0 0 0 0 0 0 0 0 205891132094649 1235346792567894 3706040377703682 11118121133111046 33354363399333138 100063090197999414 300189270593998242
0 0 0 0 0 0 0 0 0 0 0 0 0 0 0 0 1853020188851841 11118121133111046 33354363399333138 100063090197999414 300189270593998242 900567811781994726
0 0 0 0 0 0 0 0 0 0 0 0 0 0 0 0 0 16677181699666569 100063090197999414 300189270593998242 900567811781994726 2701703435345984178
0 0 0 0 0 0 0 0 0 0 0 0 0 0 0 0 0 0 150094635296999121 900567811781994726 2701703435345984178 8105110306037952534
0 0 0 0 0 0 0 0 0 0 0 0 0 0 0 0 0 0 0 1350851717672992089 8105110306037952534 24315330918113857602
0 0 0 0 0 0 0 0 0 0 0 0 0 0 0 0 0 0 0 0 12157665459056928801 72945992754341572806
0 0 0 0 0 0 0 0 0 0 0 0 0 0 0 0 0 0 0 0 0 109418989131512359209

1 0 0 0 0 0 0 0 0 0 0 0 0 0 0 0 0 0 0 0 0 0
6 9 0 0 0 0 0 0 0 0 0 0 0 0 0 0 0 0 0 0 0 0
18 54 81 0 0 0 0 0 0 0 0 0 0 0 0 0 0 0 0 0 0 0
54 162 486 729 0 0 0 0 0 0 0 0 0 0 0 0 0 0 0 0 0 0
162 486 1458 4374 6561 0 0 0 0 0 0 0 0 0 0 0 0 0 0 0 0 0
486 1458 4374 13122 39366 59049 0 0 0 0 0 0 0 0 0 0 0 0 0 0 0 0
1458 4374 13122 39366 118098 354294 531441 0 0 0 0 0 0 0 0 0 0 0 0 0 0 0
4374 13122 39366 118098 354294 1062882 3188646 4782969 0 0 0 0 0 0 0 0 0 0 0 0 0 0
13122 39366 118098 354294 1062882 3188646 9565938 28697814 43046721 0 0 0 0 0 0 0 0 0 0 0 0 0
39366 118098 354294 1062882 3188646 9565938 28697814 86093442 258280326 387420489 0 0 0 0 0 0 0 0 0 0 0 0
118098 354294 1062882 3188646 9565938 28697814 86093442 258280326 774840978 2324522934 3486784401 0 0 0 0 0 0 0 0 0 0 0
354294 1062882 3188646 9565938 28697814 86093442 258280326 774840978 2324522934 6973568802 20920706406 31381059609 0 0 0 0 0 0 0 0 0 0
1062882 3188646 9565938 28697814 86093442 258280326 774840978 2324522934 6973568802 20920706406 62762119218 188286357654 282429536481 0 0 0 0 0 0 0 0 0
3188646 9565938 28697814 86093442 258280326 774840978 2324522934 6973568802 20920706406 62762119218 188286357654 564859072962 1694577218886 2541865828329 0 0 0 0 0 0 0 0
9565938 28697814 86093442 258280326 774840978 2324522934 6973568802 20920706406 62762119218 188286357654 564859072962 1694577218886 5083731656658 15251194969974 22876792454961 0 0 0 0 0 0 0
28697814 86093442 258280326 774840978 2324522934 6973568802 20920706406 62762119218 188286357654 564859072962 1694577218886 5083731656658 15251194969974 45753584909922 137260754729766 205891132094649 0 0 0 0 0 0
86093442 258280326 774840978 2324522934 6973568802 20920706406 62762119218 188286357654 564859072962 1694577218886 5083731656658 15251194969974 45753584909922 137260754729766 411782264189298 1235346792567894 1853020188851841 0 0 0 0 0
258280326 774840978 2324522934 6973568802 20920706406 62762119218 188286357654 564859072962 1694577218886 5083731656658 15251194969974 45753584909922 137260754729766 411782264189298 1235346792567894 3706040377703682 11118121133111046 16677181699666569 0 0 0 0
774840978 2324522934 6973568802 20920706406 62762119218 188286357654 564859072962 1694577218886 5083731656658 15251194969974 45753584909922 137260754729766 411782264189298 1235346792567894 3706040377703682 11118121133111046 33354363399333138 100063090197999414 150094635296999121 0 0 0
2324522934 6973568802 20920706406 62762119218 188286357654 564859072962 1694577218886 5083731656658 15251194969974 45753584909922 137260754729766 411782264189298 1235346792567894 3706040377703682 11118121133111046 33354363399333138 100063090197999414 300189270593998242 900567811781994726 1350851717672992089 0 0
6973568802 20920706406 62762119218 188286357654 564859072962 1694577218886 5083731656658 15251194969974 45753584909922 137260754729766 411782264189298 1235346792567894 3706040377703682 11118121133111046 33354363399333138 100063090197999414 300189270593998242 900567811781994726 2701703435345984178 8105110306037952534 12157665459056928801 0
20920706406 62762119218 188286357654 564859072962 1694577218886 5083731656658 15251194969974 45753584909922 137260754729766 411782264189298 1235346792567894 3706040377703682 11118121133111046 33354363399333138 100063090197999414 300189270593998242 900567811781994726 2701703435345984178 8105110306037952534 24315330918113857602 72945992754341572806 109418989131512359209

